masses = {'H':1.007940,
'He':4.002602,
'Li':6.941000,
'Be':9.012182,
'B':10.811000,
'C':12.010700,
'N':14.006700,
'O':15.999400,
'F':18.998403,
'Ne':20.179700,
'Na':22.989770,
'Mg':24.305000,
'Al':26.981538,
'Si':28.085500,
'P':30.973761,
'S':32.065000,
'Cl':35.453000,
'Ar':39.948000,
'K':39.098300,
'Ca':40.078000,
'Sc':44.955910,
'Ti':47.867000,
'V':50.941500,
'Cr':51.996100,
'Mn':54.938049,
'Fe':55.845000,
'Co':58.933200,
'Ni':58.693400,
'Cu':63.546000,
'Zn':65.409000,
'Ga':69.723000,
'Ge':72.640000,
'As':74.921600,
'Se':78.960000,
'Br':79.904000,
'Kr':83.798000,
'Rb':85.467800,
'Sr':87.620000,
'Y':88.905850,
'Zr':91.224000,
'Nb':92.906380,
'Mo':95.940000,
'Tc':97.907216,
'Ru':101.070000,
'Rh':102.905500,
'Pd':106.420000,
'Ag':107.868200,