
EQUITY_TABLE = {
	'AAo': [0.84933161,0.732048899,0.63609019,0.556456592,0.489655059,0.433154822,0.385045777,0.343928841,0.308682918],
	'AKs': [0.662217824,0.49836231,0.405354241,0.34515568,0.301837554,0.268197189,0.240827756,0.217859914,0.198274079],
	'AQs': [0.653189637,0.484191891,0.388210044,0.32655401,0.282788455,0.249469723,0.222840535,0.200960194,0.182658307],
	'AJs': [0.643978479,0.470635585,0.372791729,0.310569389,0.267001709,0.234301182,0.208611393,0.187799987,0.170641465],
	'ATs': [0.63488318,0.45783769,0.358912007,0.29677093,0.253844614,0.22199696,0.197274707,0.17746934,0.161297284],
	'A9s': [0.615104341,0.431096677,0.330626739,0.269112429,0.227612086,0.197508218,0.174527713,0.156414951,0.141853099],
	'A8s': [0.605031564,0.41892